,observable,fold,n_training,r2_lin_tl,r2_stand_GP,mse_lin_tl,mse_stand_GP,wn_lin_tl,wn_stand_GP,rho,mse_lin_mf,r2_lin_mf,wn_lin_mf_0,wn_lin_mf_1
0,dN_dy_pion[0 5],0,47,,0.7818982355692299,,0.056306243642478424,,0.0017961637946478227,1.1093814625901692,0.019519180135094266,0.9243926187877606,0.007268724852994353,4.3685811431286035e-10
1,dN_dy_pion[0 5],0,94,,0.9313975274453115,,0.017710757839223462,,0.0013443119678121234,0.8978139900877651,0.01343083097895158,0.9479757883889296,0.007268724852994353,0.0002755636412514297
2,dN_dy_pion[0 5],0,141,,0.9533707451678779,,0.012038041921839078,,0.0030872597347013433,0.784738544879395,0.008346283203253766,0.9676707417275613,0.007268724852994353,4.513432720568308e-29
3,dN_dy_pion[0 5],0,188,,0.9569022757731328,,0.011126324296769293,,0.0032635711418407907,0.7662785412945688,0.00861653476417004,0.9666239245637265,0.007268724852994353,2.1431262792107155e-188
4,dN_dy_pion[0 5],0,235,,0.959545968849776,,0.010443815253901565,,0.00374854435593376,0.615186674642284,0.007524651944321471,0.9708533235460617,0.007268724852994353,0.0007282431086316032
5,dN_dy_pion[0 5],0,282,,0.9667026727700242,,0.00859620473290332,,0.0033343524173300386,0.5981033404449454,0.006491351121400202,0.9748558056526265,0.007268724852994353,0.000907445886526219
6,dN_dy_pion[0 5],0,329,,0.9743576443126742,,0.006619958947447916,,0.001877866023523742,0.6076750822555386,0.006590441793866991,0.9744719787605173,0.007268724852994353,0.0009614088803503962
7,dN_dy_pion[0 5],0,376,,0.9742613007027906,,0.0066448314962127735,,0.0026993503180233846,0.6228054423054629,0.00683990878393827,0.9735056704582399,0.007268724852994353,0.0011888418193071043
8,dN_dy_pion[0 5],0,423,,0.9763888231252106,,0.006095579654146009,,0.002546639726783406,0.6618292829805391,0.006254401324393703,0.9757736287121218,0.007268724852994353,0.0011418291576263233
9,dN_dy_pion[0 5],0,473,,0.9742661441131067,,0.006643581097152364,,0.0024124389337153874,0.6201482648870461,0.006574694178647067,0.974532977016534,0.007268724852994353,0.0013323747592592367
10,dN_dy_pion[40 50],0,47,,0.817935903741245,,0.044247985876330914,,0.018813396973225267,1.0009687436615817,0.044456383671994316,0.8170784238903923,0.047273394085343944,5.562684646268137e-309
11,dN_dy_pion[40 50],0,94,,0.84956632142538,,0.03656068067058117,,0.012353271856608115,1.0132286330407143,0.034183515846261135,0.8593474754559285,0.047273394085343944,5.562684646268137e-309
12,dN_dy_pion[40 50],0,141,,0.8547347215274649,,0.035304577466162126,,0.013862650500694913,0.8498113954948381,0.030122563347069004,0.876056793000496,0.047273394085343944,0.003415904189424608
13,dN_dy_pion[40 50],0,188,,0.8744079182109471,,0.03052329797788882,,0.01176604005659534,0.9999186721089652,0.024991899906235963,0.8971675754251209,0.047273394085343944,5.562684646268137e-309
14,dN_dy_pion[40 50],0,235,,0.8959435637237606,,0.025289377847176525,,0.010892332649629405,0.6352257436584904,0.02329874906900572,0.9041342648891713,0.047273394085343944,0.008144383671559478
15,dN_dy_pion[40 50],0,282,,0.9015781295865134,,0.023919979949196653,,0.009475937008479778,0.7062586988069924,0.02166027705301215,0.9108759712274184,0.047273394085343944,0.008465293150103638
16,dN_dy_pion[40 50],0,329,,0.9059806018920408,,0.022850024167695094,,0.009645914830603137,0.6169534348755541,0.020345712529177516,0.9162849180363124,0.047273394085343944,0.008116891906655358
17,dN_dy_pion[40 50],0,376,,0.9083582542288972,,0.022272170932587574,,0.01024938888328115,0.7112468470750914,0.020587614124347786,0.9152895824422513,0.047273394085343944,0.009075478959187684
18,dN_dy_pion[40 50],0,423,,0.9069025418463823,,0.02262596029724063,,0.010704360485873369,0.6691554044197268,0.019491927968449427,0.919797925721749,0.047273394085343944,0.0088543541779553
19,dN_dy_pion[40 50],0,473,,0.9079066788188299,,0.02238191965722549,,0.00994454340458192,0.6125848223205602,0.019659019445995126,0.9191104060923375,0.047273394085343944,0.008754292679858496
20,mean_pT_pion[0 5],0,47,,0.8688269671024718,,0.11190343410151596,,7.865550074194171e-41,1.028116907058692,0.02254871455390087,0.9735684315702717,0.0026652141312580382,1.4619182349083215e-68
21,mean_pT_pion[0 5],0,94,,0.9412907652442752,,0.050084722732377095,,0.002489036712838843,0.9909148474289649,0.01640018474812754,0.9807757287275017,0.0026652141312580382,5.482489502184258e-64
22,mean_pT_pion[0 5],0,141,,0.9503093130401955,,0.042391018876642324,,0.004130801463529835,0.9677417844657026,0.0121779987191287,0.9857249686800391,0.0026652141312580382,0.0008357003624400327
23,mean_pT_pion[0 5],0,188,,0.9696308831014977,,0.025907828739674028,,0.00845664605854493,0.9862364302233815,0.011165877391735328,0.9869113757393079,0.0026652141312580382,0.0005068788505107649
24,mean_pT_pion[0 5],0,235,,0.9746529953544012,,0.021623475506931212,,0.008313885036951282,0.9711933127389317,0.012125642710286325,0.9857863403128706,0.0026652141312580382,5.562684646268137e-309
25,mean_pT_pion[0 5],0,282,,0.980620366125208,,0.01653272425219777,,0.0059622888657742895,0.9739588636361908,0.010577995076993446,0.9876004904821276,0.0026652141312580382,0.00043052280961721113
26,mean_pT_pion[0 5],0,329,,0.982519654877215,,0.014912445075867278,,0.003007777959556327,0.9620149458794844,0.011357974110820264,0.9866862002614116,0.0026652141312580382,0.0004265391077797542
27,mean_pT_pion[0 5],0,376,,0.9873829321262009,,0.010763593645600884,,0.0007158283457400239,0.9513680667851063,0.009926794440534653,0.9883638268640264,0.0026652141312580382,0.0005678368721884202
28,mean_pT_pion[0 5],0,423,,0.9878606578024948,,0.010356046891859828,,0.000685116629068806,0.9583827741684147,0.009768300270124642,0.9885496134861813,0.0026652141312580382,0.000527441052268119
29,mean_pT_pion[0 5],0,473,,0.98812831311341,,0.010127710717988521,,0.0010335302424492499,0.9763295746030284,0.01011284068586783,0.9881457437421322,0.0026652141312580382,0.0006025959670102538
30,mean_pT_pion[40 50],0,47,,0.8249317732856642,,0.16241629908837707,,5.562684646268137e-309,0.9910727809943088,0.037984234438400814,0.9590568643445446,0.004887041581928608,1.6442751813995385e-31
31,mean_pT_pion[40 50],0,94,,0.909258445250906,,0.08418379378413132,,0.009179674159667459,0.9528518080737356,0.027047842181080597,0.9708451812184541,0.004887041581928608,0.0002593972241053474
32,mean_pT_pion[40 50],0,141,,0.9469345808207714,,0.04923045805865769,,0.014495392542365626,0.9490414056166174,0.024252581377650753,0.9738581876396525,0.004887041581928608,5.562684646268137e-309
33,mean_pT_pion[40 50],0,188,,0.962270251761287,,0.035003073884258315,,0.013829255995092823,0.9584114145498862,0.02117269005039965,0.9771779967731022,0.004887041581928608,0.0014574966410679019
34,mean_pT_pion[40 50],0,235,,0.9685113779918886,,0.02921298482274215,,0.014172415903964557,0.9470637306161785,0.018855150240227346,0.9796760686241668,0.004887041581928608,0.0011974584407065277
35,mean_pT_pion[40 50],0,282,,0.969849205583313,,0.027971840097080366,,0.009494049557060609,0.9528084906320629,0.0176829619490617,0.9809395682030977,0.004887041581928608,0.0013619267336170743
36,mean_pT_pion[40 50],0,329,,0.9711588682059992,,0.02675682489858767,,0.007905393557463423,0.941686612595403,0.018462900667629685,0.980098873708937,0.004887041581928608,0.0018968472448907471
37,mean_pT_pion[40 50],0,376,,0.9713719816893215,,0.02655911281857953,,0.007150582992516152,0.923307191085651,0.016400306007500354,0.9823221406569347,0.004887041581928608,0.002044323787445502
38,mean_pT_pion[40 50],0,423,,0.9738074547580576,,0.024299647867243774,,0.003388781581074039,0.92246985763083,0.01723323672385778,0.981424326186915,0.004887041581928608,0.0017515938903734532
39,mean_pT_pion[40 50],0,473,,0.9760051534102484,,0.022260773719150775,,0.002710965727725886,0.9175113273717873,0.01770174287496131,0.9809193242780005,0.004887041581928608,0.0015314259796518567
40,v22[0 5],0,47,,0.710764137972836,,0.2558633238454454,,7.536959984692843e-51,1.0678853487790332,0.1802588607081728,0.7962297754075279,0.055943631535368445,5.396848268940672e-70
41,v22[0 5],0,94,,0.8041271611136699,,0.17327268913767357,,0.04287746745133095,0.8456267208601704,0.15741910147331462,0.8220485498668854,0.055943631535368445,1.5636610593646173e-46
42,v22[0 5],0,141,,0.7988115807330728,,0.17797494858370136,,0.03723706889795654,0.9217519275011176,0.14796986902790474,0.8327302562199775,0.055943631535368445,0.027524757928548832
43,v22[0 5],0,188,,0.798597578143614,,0.17816425918117257,,0.03679375619536802,0.9305311353813626,0.13999240088943085,0.8417482344090653,0.055943631535368445,0.035280569798587826
44,v22[0 5],0,235,,0.819957820013161,,0.15926859927032905,,0.038563087779813814,0.9059044376962899,0.1444051568969851,0.8367599177227258,0.055943631535368445,0.032773107034176886
45,v22[0 5],0,282,,0.83665425857566,,0.14449862490739532,,0.03773536651391097,0.8987579584080813,0.12776135694340973,0.8555745870337832,0.055943631535368445,0.03572086148340816
46,v22[0 5],0,329,,0.8417376889134653,,0.14000172962735732,,0.03803466263166486,0.9118328694543848,0.13046879180981552,0.8525140184235658,0.055943631535368445,0.03141372147339043
47,v22[0 5],0,376,,0.8423717364709086,,0.139440839582857,,0.037144602381888166,0.9248153149533939,0.1216410810939608,0.862493137275977,0.055943631535368445,0.03280705594041736
48,v22[0 5],0,423,,0.8462266255040795,,0.13603073436917562,,0.039575762869992315,0.9233182111215258,0.12242037502073018,0.8616121991747514,0.055943631535368445,0.03225765878702435
49,v22[0 5],0,473,,0.843556851154534,,0.13839246549824233,,0.044139969702965284,0.9420381223951699,0.1198862250223028,0.864476881178742,0.055943631535368445,0.03722754025984379
50,v22[40 50],0,47,,0.8254350681240465,,0.11933745718031824,,3.741273688822433e-51,0.9144851318591095,0.05173392521612299,0.9243244380732657,0.007117880557733759,0.0025220144720837913
51,v22[40 50],0,94,,0.9011705851460712,,0.06756254498851771,,0.011058807489904053,0.864986654401562,0.033469520034338104,0.9510413191066494,0.007117880557733759,0.009320833565788085
52,v22[40 50],0,141,,0.918669893783831,,0.055599529434352445,,0.023786435177625753,0.8708783370913382,0.03477557431559206,0.949130843703366,0.007117880557733759,0.011296444933624797
53,v22[40 50],0,188,,0.9422136214597825,,0.039504380407568054,,0.013532828359329521,0.8253962866316724,0.02802573095222429,0.9590044070818722,0.007117880557733759,0.007233759070381231
54,v22[40 50],0,235,,0.9460526123685282,,0.036879939127955126,,0.010109724393979645,0.8353142891162613,0.02945833778224611,0.9569088126256412,0.007117880557733759,0.0063014391004403095
55,v22[40 50],0,282,,0.9508991368157484,,0.03356671981478574,,0.00859787080817847,0.8215584224207562,0.02856075744447144,0.9582217788494821,0.007117880557733759,0.007984106752121014
56,v22[40 50],0,329,,0.9546699425412006,,0.03098889182859992,,0.007942966588131328,0.8216537081661378,0.02733586637123765,0.960013530004624,0.007117880557733759,0.005228294226057589
57,v22[40 50],0,376,,0.9543453650099524,,0.031210782083536982,,0.008992004343533673,0.8512555991033134,0.03003602843198172,0.9560637759431174,0.007117880557733759,0.006084264962135893
58,v22[40 50],0,423,,0.9566273577435792,,0.029650748191228614,,0.007135063027145887,0.8310732077419062,0.02724641366941951,0.9601443799922805,0.007117880557733759,0.005500665679632628
59,v22[40 50],0,473,,0.9578453292426229,,0.028818108897345405,,0.007838244336604738,0.8432448899073602,0.024802073737124716,0.9637199215183412,0.007117880557733759,0.0065684058646874165
