,observable,fold,n_training,r2_lin_tl,r2_stand_GP,mse_lin_tl,mse_stand_GP,wn_lin_tl,wn_stand_GP,rho,mse_lin_mf,r2_lin_mf,wn_lin_mf_0,wn_lin_mf_1
0,dNch_deta[0 5],0,47,,0.7622787758439695,,0.32719312984063015,,5.562684646268137e-309,1.2379596816911302,0.1012490390790332,0.9264378028774225,0.006799397074812838,0.0020172067538839736
1,dNch_deta[0 5],0,94,,0.936561423907663,,0.08731515807213287,,0.005547495946822345,1.0696996091000126,0.04938508642902925,0.9641194079879413,0.006799397074812838,0.0038105774415623183
2,dNch_deta[0 5],0,141,,0.9504285737954259,,0.06822878414883421,,0.006643272089681792,1.0686570716337385,0.03551760332894607,0.9741947878106183,0.006799397074812838,0.0033545085229183856
3,dNch_deta[0 5],0,188,,0.9554996446874939,,0.061249097910425744,,0.00792142201374706,1.039019896088001,0.033608271151857404,0.9755820075932559,0.006799397074812838,0.00430862800160999
4,dNch_deta[0 5],0,235,,0.9637038420626041,,0.04995706024520371,,0.008263523277170679,1.063924986364809,0.03469344248048578,0.9747935794964122,0.006799397074812838,0.0045398173240315184
5,dNch_deta[0 5],0,282,,0.9625597299792532,,0.051531785492261804,,0.009081780042309046,1.0591477915060703,0.033385954425511885,0.975743531169142,0.006799397074812838,0.0041330670609767296
6,dNch_deta[0 5],0,329,,0.9685758079233993,,0.04325141684239183,,0.011061106369298305,1.0554131411617578,0.03330847642075779,0.9757998225898826,0.006799397074812838,0.003973570278980809
7,dNch_deta[0 5],0,376,,0.9729295855663656,,0.03725899383224735,,0.010465360491105911,1.0572710923558253,0.031055974980506825,0.9774363710102315,0.006799397074812838,0.0038673923487635067
8,dNch_deta[0 5],0,423,,0.9738269761219168,,0.036023849492053554,,0.010264051440984476,1.0590366261546749,0.03212087794820084,0.9766626688325271,0.006799397074812838,0.0038493254012408273
9,dNch_deta[0 5],0,473,,0.9744199483751156,,0.035207698354848355,,0.009178976227390749,1.056206939630679,0.030161508527363382,0.9780862430301951,0.006799397074812838,0.0035489632254522997
10,dNch_deta[60 70],0,47,,0.4110890225669861,,0.6100855222734295,,5.562684646268137e-309,1.129510557424123,0.16162209237921507,0.8439874068095752,0.05055569134142523,0.040168524377426164
11,dNch_deta[60 70],0,94,,0.6565922048689663,,0.35575516856300105,,0.04828003979747611,1.1856629930611065,0.19036140568735935,0.8162455632923192,0.05055569134142523,0.04919095418447476
12,dNch_deta[60 70],0,141,,0.7472527378974071,,0.2618348974834301,,0.04176152114509441,1.120434180930839,0.1373199472666548,0.8674460851578585,0.05055569134142523,0.048793048520106484
13,dNch_deta[60 70],0,188,,0.7674047390221286,,0.240958322581362,,0.051391226296789196,1.086224818091772,0.12455376687391916,0.8797691833116328,0.05055569134142523,0.04813904965422917
14,dNch_deta[60 70],0,235,,0.828885592823169,,0.17726689851499608,,0.053006367006263294,1.1319273885608196,0.12848852035768063,0.8759709952945741,0.05055569134142523,0.05459626791496328
15,dNch_deta[60 70],0,282,,0.8722294576049943,,0.13236458662732772,,0.05813620883348334,1.1277280858961338,0.12315924060939945,0.881115309052224,0.05055569134142523,0.05179328812671247
16,dNch_deta[60 70],0,329,,0.8661009793933423,,0.1387134168814256,,0.059015913865655904,1.1345827283763654,0.13079525809218284,0.8737443186659515,0.05055569134142523,0.05235463603763756
17,dNch_deta[60 70],0,376,,0.8731473796018085,,0.1314136603544407,,0.05726696853821495,1.1327848890590915,0.12612075052566088,0.8782565857490321,0.05055569134142523,0.054606049815865566
18,dNch_deta[60 70],0,423,,0.8840774609959243,,0.1200905832318398,,0.0648104974599714,1.1316041271229498,0.11273848396540843,0.8911743872580724,0.05055569134142523,0.056226936623229466
19,dNch_deta[60 70],0,473,,0.8861573997686882,,0.11793585937525708,,0.06856810429113071,1.1085830032698836,0.11030783999667672,0.89352066964498,0.05055569134142523,0.05861013315150414
20,dN_dy_pion[0 5],0,47,,0.7604687742146047,,0.37984086457796956,,1.4537815143940425e-43,1.2738766067937741,0.13724254532199945,0.9134535586437983,0.0072684758729776216,0.0024745415497101153
21,dN_dy_pion[0 5],0,94,,0.9288150693117205,,0.11288275893425306,,0.00681285689111528,1.0781494957233486,0.06957883211365072,0.9561229333146752,0.0072684758729776216,0.004455009679522269
22,dN_dy_pion[0 5],0,141,,0.948524739813839,,0.08162780142495926,,0.007503671379044396,1.0711397700030783,0.04692547411845921,0.9704083541705184,0.0072684758729776216,0.003968694480738647
23,dN_dy_pion[0 5],0,188,,0.9419016729470004,,0.09213044648348519,,0.010700661665699203,1.0483535259870158,0.043593472453026236,0.9725095457948764,0.0072684758729776216,0.005150814275873505
24,dN_dy_pion[0 5],0,235,,0.9602517421684917,,0.0630315006767218,,0.010185138451875868,1.076420831063323,0.04605044807858169,0.9709601538305125,0.0072684758729776216,0.005472120921375004
25,dN_dy_pion[0 5],0,282,,0.9591888287518497,,0.06471703436789308,,0.0108451567666589,1.0707162639872436,0.043151861803135586,0.9727880296289044,0.0072684758729776216,0.004857262139998045
26,dN_dy_pion[0 5],0,329,,0.9657638157142688,,0.054290632865519745,,0.012449884459204528,1.0692873804293068,0.042880593270729704,0.9729590941197047,0.0072684758729776216,0.004688416259674343
27,dN_dy_pion[0 5],0,376,,0.9728889515251039,,0.04299182312683531,,0.01078802772366868,1.0674193204701348,0.03847004317136389,0.9757404285421155,0.0072684758729776216,0.004596670648651937
28,dN_dy_pion[0 5],0,423,,0.9723961778709317,,0.04377324763726518,,0.01128943123872794,1.0707117237543322,0.03840516082815501,0.9757813439586753,0.0072684758729776216,0.004404771196828234
29,dN_dy_pion[0 5],0,473,,0.9731429172204359,,0.042589092547672895,,0.010734292750506837,1.0734896107472465,0.034432734782570695,0.9782863932273944,0.0072684758729776216,0.004099213002800185
30,dN_dy_pion[60 70],0,47,,0.34246375163520604,,0.8796791971423434,,5.562684646268137e-309,1.2097035391083335,0.22828770882183988,0.8293611533680297,0.04790604507874022,0.040512610168708045
31,dN_dy_pion[60 70],0,94,,0.6683908191187689,,0.44364048176518805,,0.05578153096018491,1.125960315591302,0.2661423452519559,0.8010658433250846,0.04790604507874022,0.054152770203035626
32,dN_dy_pion[60 70],0,141,,0.7917666815564686,,0.27858314859786437,,0.048783589753903164,1.1578845358814391,0.16413644354286094,0.8773124774830285,0.04790604507874022,0.05331871473971303
33,dN_dy_pion[60 70],0,188,,0.8040483735467071,,0.26215219292600506,,0.054731572408318774,1.1235000825876331,0.14944140649509233,0.8882966175665503,0.04790604507874022,0.051654389652994084
34,dN_dy_pion[60 70],0,235,,0.8490837014649879,,0.20190206800176433,,0.05891502630204929,1.177211711040559,0.16462729203649495,0.8769455815986333,0.04790604507874022,0.056118419135084766
35,dN_dy_pion[60 70],0,282,,0.8939769383615175,,0.14184203832511805,,0.0639935649562486,1.1735669622178162,0.15958054335971406,0.8807178888239837,0.04790604507874022,0.0539781775069129
36,dN_dy_pion[60 70],0,329,,0.8851051781397377,,0.15371104619889386,,0.0684254132086493,1.2011306510316393,0.1466851460942097,0.8903568471700242,0.04790604507874022,0.053830044728355224
37,dN_dy_pion[60 70],0,376,,0.9072557664181753,,0.12407707276934635,,0.06510551813036461,1.199551420893177,0.1347122923028651,0.8993062293877181,0.04790604507874022,0.053708086186941256
38,dN_dy_pion[60 70],0,423,,0.9097380475876717,,0.12075617432200669,,0.07475823857609779,1.2042361646951187,0.12541217419388195,0.9062578144548602,0.04790604507874022,0.05790302693689079
39,dN_dy_pion[60 70],0,473,,0.9088845638134198,,0.12189800022616801,,0.0783277033533765,1.1767036783879805,0.11972725478651207,0.9105071369255078,0.04790604507874022,0.06261152946143704
40,mean_pT_pion[0 5],0,47,,0.883086105344615,,0.21153826631552441,,5.562684646268137e-309,0.9414717142780924,0.07245985364121174,0.9599525710269493,0.0026653656935114603,3.254649438551155e-268
41,mean_pT_pion[0 5],0,94,,0.9149121155587929,,0.1539538445126939,,3.5694909648616203e-28,0.9890769311758136,0.044786857968602004,0.9752470033640313,0.0026653656935114603,0.0007328899712245737
42,mean_pT_pion[0 5],0,141,,0.9632542058553084,,0.06648603752930553,,4.578967084840033e-21,0.9691133033390663,0.03251707895341881,0.9820283185190223,0.0026653656935114603,0.0007868315056939835
43,mean_pT_pion[0 5],0,188,,0.9658067179264401,,0.06186764738955167,,8.366946959372574e-40,1.1909371677901779,0.028807188463506606,0.984078717028357,0.0026653656935114603,0.0008862190282210533
44,mean_pT_pion[0 5],0,235,,0.978407772084006,,0.03906791808366685,,0.0005706642544061977,1.0644036883951782,0.03029651768138457,0.9832555880393614,0.0026653656935114603,0.001183620577051506
45,mean_pT_pion[0 5],0,282,,0.9838838751361377,,0.029159725826214494,,0.0019312507633602912,1.062620767066397,0.024833929527883405,0.9862746751626889,0.0026653656935114603,0.0017915136800495993
46,mean_pT_pion[0 5],0,329,,0.9885187163109069,,0.020773671545425667,,0.0009155825725038956,1.0486195213430067,0.019240588525072835,0.9893660273429078,0.0026653656935114603,0.0014061806545516515
47,mean_pT_pion[0 5],0,376,,0.9908274388229176,,0.016596382275968626,,0.0023473626096524873,1.0259021353806888,0.014930886227661526,0.9917479324666081,0.0026653656935114603,0.0016297104880013606
48,mean_pT_pion[0 5],0,423,,0.9895789662063401,,0.01885530739031588,,0.0034919616194033195,1.0319435603265958,0.015376879534940014,0.9915014389340082,0.0026653656935114603,0.001751139361902398
49,mean_pT_pion[0 5],0,473,,0.9914787458552106,,0.015417939278611669,,0.003030752912066361,1.032134673128732,0.012180361584195321,0.9932681044620313,0.0026653656935114603,0.0015914532588766333
50,mean_pT_pion[60 70],0,47,,0.6934169906959282,,0.6787939851575809,,5.562684646268137e-309,0.5643315043661038,0.4178923748287279,0.8112553961265965,0.005950580626490287,2.5515355763511382e-33
51,mean_pT_pion[60 70],0,94,,0.6993746585409126,,0.665603335395476,,7.390059297550576e-36,1.0565045773667952,0.1712747770259962,0.9226423072291607,0.005950580626490287,0.0031886038104706415
52,mean_pT_pion[60 70],0,141,,0.8382687830172344,,0.3580830442930187,,0.0022370209459753663,1.1889768330805728,0.13590879186293878,0.9386156517127248,0.005950580626490287,5.562684646268137e-309
53,mean_pT_pion[60 70],0,188,,0.9058903483641497,,0.20836466319740712,,0.0018562240765930093,1.377709684100311,0.105767994198128,0.9522289963400459,0.005950580626490287,0.00019041839082012402
54,mean_pT_pion[60 70],0,235,,0.9431460869215702,,0.12587812455071215,,0.005162531403117238,1.4322083848975686,0.10008125661764956,0.9547974591706953,0.005950580626490287,0.000608003289437186
55,mean_pT_pion[60 70],0,282,,0.9496054206648867,,0.11157675506829569,,0.010928060373926093,1.4528634073408393,0.08238455512850018,0.9627903231558405,0.005950580626490287,0.0036430071878378696
56,mean_pT_pion[60 70],0,329,,0.9638329493836122,,0.0800761153562328,,0.012032986270135434,1.3433222725943241,0.07486919592053548,0.9661846983158443,0.005950580626490287,0.0031256579779434203
57,mean_pT_pion[60 70],0,376,,0.9699698358792914,,0.06648866427628622,,0.007803630179341356,1.4548815417422774,0.07108869338459084,0.9678921940649153,0.005950580626490287,0.002421126470222704
58,mean_pT_pion[60 70],0,423,,0.9676482793381873,,0.07162873586695209,,0.0027142884765024326,1.4232509073024697,0.06721885604365975,0.9696400386296024,0.005950580626490287,0.0021391794093784597
59,mean_pT_pion[60 70],0,473,,0.9730753139494863,,0.059612941319974896,,0.0039018000286417686,1.4969032552462591,0.06822308977451433,0.9691864680235244,0.005950580626490287,0.004057108173817989
60,pT_fluct[0 5],0,47,,0.661846131610523,,0.32105891385115265,,0.027298180734274265,1.057737803303937,0.18142279589008214,0.8089172497708381,0.07951980811911222,0.005971833218980367
61,pT_fluct[0 5],0,94,,0.7102240277991674,,0.2751267029357346,,0.04525130541741533,0.9770707287659393,0.23211498519339713,0.7555259275850452,0.07951980811911222,5.562684646268137e-309
62,pT_fluct[0 5],0,141,,0.7921430831633317,,0.19734896505506547,,0.05263111357286452,1.0152271343356136,0.20140611407481165,0.7878699090620332,0.07951980811911222,1.3289476846380255e-253
63,pT_fluct[0 5],0,188,,0.7669005328286354,,0.22131540918267267,,0.055691283234982264,1.020532166163705,0.17763826172466554,0.8129032934932718,0.07951980811911222,5.562684646268137e-309
64,pT_fluct[0 5],0,235,,0.8086833675312831,,0.18164485449954967,,0.055997250104048144,1.0091083486136412,0.17255917445307184,0.8182528194982512,0.07951980811911222,1.3072065151836313e-17
65,pT_fluct[0 5],0,282,,0.8237669146426637,,0.16732383763327258,,0.05928670058330211,1.0005037810113009,0.1660298158393247,0.8251298373229747,0.07951980811911222,0.030862236345781155
66,pT_fluct[0 5],0,329,,0.8358215190715954,,0.1558786389629428,,0.0695032670950739,0.9944283062174148,0.18554745010256027,0.8045729761265155,0.07951980811911222,2.0463520037060072e-129
67,pT_fluct[0 5],0,376,,0.8234078854802792,,0.16766471651620551,,0.07386403887483775,0.9996731089770095,0.17132793620433923,0.8195496156897161,0.07951980811911222,3.595160081665877e-88
68,pT_fluct[0 5],0,423,,0.8246382268251815,,0.1664965735706824,,0.08116131264984314,0.9978508152177843,0.18025710436017492,0.8101450091731818,0.07951980811911222,1.8686834586119169e-112
69,pT_fluct[0 5],0,473,,0.8240865137972624,,0.16702039542238822,,0.0762521242536724,1.0117891383935402,0.17050904820182386,0.8204121058243357,0.07951980811911222,4.843382108559089e-16
70,pT_fluct[55 60],0,47,,-0.02476728728198907,,0.9110883395773017,,0.0011029140737230329,0.8268698930421116,0.16809405940622926,0.8109323917526399,0.056488211305695445,0.01697745626374662
71,pT_fluct[55 60],0,94,,0.472884933650746,,0.46864141403273474,,0.006623271519551419,0.9484343160896693,0.16013257380688667,0.8198872533680988,0.056488211305695445,0.019105812277646975
72,pT_fluct[55 60],0,141,,0.5433696251617091,,0.4059756933844227,,0.006747990747958772,0.9287745169628181,0.1342536812170014,0.8489951251355088,0.056488211305695445,0.013344731743709374
73,pT_fluct[55 60],0,188,,0.6483715129451288,,0.31262181999252814,,0.021863992120084837,0.9704581813591562,0.12874257178485318,0.8551938705451109,0.056488211305695445,0.01551215885278105
74,pT_fluct[55 60],0,235,,0.7714610822762108,,0.20318675826394156,,0.035213124382064316,1.014564115989099,0.1338697179250267,0.8494269965622855,0.056488211305695445,0.017417716532737028
75,pT_fluct[55 60],0,282,,0.8234499044739094,,0.15696513284661226,,0.05258090770040674,1.0318973502875384,0.1228912567562264,0.86177526992039,0.056488211305695445,0.012096652548859867
76,pT_fluct[55 60],0,329,,0.8367824335477212,,0.14511160090138076,,0.056578438803277065,1.0158516149762187,0.12118745393908231,0.8636916608071379,0.056488211305695445,0.014848443636269618
77,pT_fluct[55 60],0,376,,0.8489389492920175,,0.13430362539126034,,0.06081211066904988,1.034730698439328,0.1271013547212635,0.8570398666851515,0.056488211305695445,0.01481786768019393
78,pT_fluct[55 60],0,423,,0.8469036410816673,,0.1361131538577812,,0.05335114172845443,1.0738292956589754,0.1276766049173612,0.8563928409716658,0.056488211305695445,0.014716534529971504
79,pT_fluct[55 60],0,473,,0.861065936559783,,0.12352190272018602,,0.04764489540378222,1.072601692689467,0.13848821696294303,0.8442322349515773,0.056488211305695445,0.02006079549827295
80,v22[0 5],0,47,,0.609393655121325,,0.4602293768429279,,0.0056598631651639175,0.974329805173038,0.17305646750831563,0.8531233388560753,0.05595231048489713,5.562684646268137e-309
81,v22[0 5],0,94,,0.7544774828297833,,0.28928530363031735,,0.028447957109765797,1.0041344589067605,0.1617702809169866,0.8627021626206486,0.05595231048489713,3.081318689665146e-110
82,v22[0 5],0,141,,0.8382009692180031,,0.19063865215429976,,0.03806189149896056,1.024484015304417,0.16126210518163325,0.8631334620476951,0.05595231048489713,5.562684646268137e-309
83,v22[0 5],0,188,,0.8621288957798803,,0.16244572883110947,,0.04035152271711788,1.0271182600294395,0.15806000853583368,0.8658511487702246,0.05595231048489713,3.129600855129228e-42
84,v22[0 5],0,235,,0.8568423118547314,,0.16867461184184207,,0.03984538609674981,1.0300718558307542,0.1521511233526652,0.8708661438136482,0.05595231048489713,5.562684646268137e-309
85,v22[0 5],0,282,,0.8617582392617621,,0.1628824524547601,,0.0471053947617933,1.0169448629581908,0.15187205050792746,0.8711029988023186,0.05595231048489713,6.273692043823854e-46
86,v22[0 5],0,329,,0.8617246632554965,,0.1629220131650329,,0.048081378084646346,1.0171662684691318,0.15015797114253324,0.872557773984949,0.05595231048489713,2.7341038766445666e-35
87,v22[0 5],0,376,,0.864027221036926,,0.16020903948504508,,0.051695216827025874,1.0195436425011228,0.1559981167900177,0.867601119630176,0.05595231048489713,5.562684646268137e-309
88,v22[0 5],0,423,,0.8738416145560457,,0.14864529436769752,,0.049559736797221664,1.023396423440468,0.1615451632920627,0.862893224680273,0.05595231048489713,2.6626874093901555e-82
89,v22[0 5],0,473,,0.8757305577546444,,0.14641965937077292,,0.0599340669298706,1.0212722645151822,0.1570874956926397,0.866676540859781,0.05595231048489713,9.225150025300507e-126
90,v22[60 70],0,47,,0.1918219766958581,,0.9461090309149246,,5.562684646268137e-309,1.159815248730347,0.23280380397539838,0.8011361143730158,0.017588214808715273,3.845817422222866e-19
91,v22[60 70],0,94,,0.8019530742624409,,0.2318474142852652,,0.012376094358171903,1.4125058164128823,0.1580806601866924,0.8649655469954151,0.017588214808715273,0.015356061301105995
92,v22[60 70],0,141,,0.8445923221100995,,0.18193096481889814,,0.017245146224647026,1.294198083463517,0.17653221644393197,0.8492039996730727,0.017588214808715273,0.009811300132982403
93,v22[60 70],0,188,,0.8950350232250717,,0.12287925381900953,,0.01682267332600824,1.2844116400570798,0.1318143435315365,0.8874025592003576,0.017588214808715273,0.011868336014243327
94,v22[60 70],0,235,,0.9174073621281919,,0.0966886481992305,,0.02680528687766055,1.354773609698367,0.11819644874643065,0.899035133173727,0.017588214808715273,0.015477793327350659
95,v22[60 70],0,282,,0.913216619268546,,0.10159462132819916,,0.028981012748794013,1.1768770359591734,0.1050047674187502,0.9103036303459324,0.017588214808715273,0.01690592699784678
96,v22[60 70],0,329,,0.91450468763088,,0.10008671951090208,,0.028443039476354022,1.28875576716294,0.10834926164288777,0.9074467220587324,0.017588214808715273,0.020517718659913524
97,v22[60 70],0,376,,0.9115400134827784,,0.10355737189732975,,0.026401979273653765,1.2788313204612147,0.11618723587526597,0.90075142763193,0.017588214808715273,0.021208024541630257
98,v22[60 70],0,423,,0.9091978385746096,,0.10629928366516181,,0.023230385579956925,1.2444498492010627,0.11501658568442207,0.9017514114882323,0.017588214808715273,0.020742968848591566
99,v22[60 70],0,473,,0.892409717518621,,0.12595261806075256,,0.02535804511824,1.1903033082355132,0.11866146591505555,0.8986379097630399,0.017588214808715273,0.015831285326119264
