,observable,fold,n_training,r2_lin_tl,r2_stand_GP,mse_lin_tl,mse_stand_GP,wn_lin_tl,wn_stand_GP,rho,mse_lin_mf,r2_lin_mf,wn_lin_mf_0,wn_lin_mf_1
0,dNch_deta[0 5],0,5,,-2.032554296135674,,2.991016243067144,,5.562684646268137e-309,0.9091944216117559,0.03617139575816495,0.9633262701739248,0.006799946916803462,5.562684646268137e-309
1,dNch_deta[0 5],0,10,,0.46135992944666193,,0.5312621120237935,,5.562684646268137e-309,0.8524204318482859,0.049078052722999414,0.9502403706512523,0.006799946916803462,5.562684646268137e-309
2,dNch_deta[0 5],0,15,,0.015953872599949515,,0.9705672721940906,,1.1250533351792505e-22,0.8802472342708002,0.040499813457708395,0.9589377411177402,0.006799946916803462,5.562684646268137e-309
3,dNch_deta[0 5],0,20,,0.5440474761748286,,0.4497071681672318,,5.562684646268137e-309,0.9255925042946527,0.032527783086597664,0.9670204839001884,0.006799946916803462,5.562684646268137e-309
4,dNch_deta[0 5],0,25,,0.40269315712544684,,0.5891253031840239,,5.562684646268137e-309,0.925969119909019,0.03166617970985455,0.967894052884564,0.006799946916803462,5.305141886647284e-32
5,dNch_deta[0 5],0,30,,0.3181710351053285,,0.6724896934549002,,5.562684646268137e-309,0.9802297482820045,0.025663358071657174,0.9739802393404371,0.006799946916803462,5.562684646268137e-309
6,dNch_deta[0 5],0,35,,0.7722793024722041,,0.2246015202616986,,2.837186166103032e-91,1.0347045833324775,0.026097600796952895,0.9735399660235624,0.006799946916803462,0.0028497502671406146
7,dNch_deta[0 5],0,40,,0.773587607180516,,0.22331113590207516,,0.004297772996562256,0.962854955125387,0.02754638031694187,0.9720710664254143,0.006799946916803462,5.562684646268137e-309
8,dNch_deta[0 5],0,45,,0.7556522231771794,,0.24100085210863587,,0.00515102276986396,1.051204330307631,0.02497555164349391,0.9746775977528065,0.006799946916803462,0.0024919270457486146
9,dNch_deta[0 5],0,50,,0.7933989525049103,,0.2037711541323227,,0.0061570394923860195,1.0488206033435359,0.02424927266515315,0.9754139630069456,0.006799946916803462,0.002478810012025327
10,dNch_deta[60 70],0,5,,-0.06567150280859324,,0.7182525111724081,,5.562684646268137e-309,1.252095610327381,0.24412567317938788,0.6377906530579607,0.05057278104220264,5.562684646268137e-309
11,dNch_deta[60 70],0,10,,0.3389209780882946,,0.4455610066705191,,5.562684646268137e-309,1.0142058801393043,0.11481424043360781,0.8296500711887657,0.05057278104220264,5.562684646268137e-309
12,dNch_deta[60 70],0,15,,-0.022227759228504507,,0.688971838996328,,5.562684646268137e-309,0.9965446408662854,0.11360729385001883,0.8314408182582657,0.05057278104220264,5.562684646268137e-309
13,dNch_deta[60 70],0,20,,0.1244585046958091,,0.5901066848278391,,5.562684646268137e-309,0.9757851603304115,0.1024072382892859,0.8480583446230026,0.05057278104220264,5.562684646268137e-309
14,dNch_deta[60 70],0,25,,0.23640715824827818,,0.5146543514169185,,5.562684646268137e-309,0.8495177355156883,0.08754212299503657,0.8701137214001582,0.05057278104220264,5.562684646268137e-309
15,dNch_deta[60 70],0,30,,0.25083716809648027,,0.5049286612934627,,5.562684646268137e-309,1.1058326383067305,0.1396924735480083,0.7927382279889836,0.05057278104220264,1.3991019022631074e-214
16,dNch_deta[60 70],0,35,,0.1806479833507263,,0.5522355077915779,,5.562684646268137e-309,0.9533028939379242,0.09619960383601195,0.8572686140391285,0.05057278104220264,1.1480329135111285e-53
17,dNch_deta[60 70],0,40,,0.3837755841669196,,0.41532942651780475,,5.562684646268137e-309,0.8881471442107742,0.08834943351885341,0.8689159144927452,0.05057278104220264,5.562684646268137e-309
18,dNch_deta[60 70],0,45,,0.5266399138444515,,0.3190402198744697,,1.2346429856839537e-83,0.9268127163568348,0.1025106317108473,0.8479049397671587,0.05057278104220264,4.8124033232753254e-138
19,dNch_deta[60 70],0,50,,0.6617022359819589,,0.22800949250269228,,0.013935821449735418,0.9765201894410981,0.10757001142515672,0.8403983363100729,0.05057278104220264,9.527770056686046e-40
20,dN_dy_pion[0 5],0,5,,0.4892280878293441,,0.4957018870340029,,5.562684646268137e-309,0.795452158329369,0.078239271639638,0.9193821459479818,0.007269275472612898,5.562684646268137e-309
21,dN_dy_pion[0 5],0,10,,-0.023106644610904725,,0.9929204842438648,,5.562684646268137e-309,0.8496057163347871,0.05167120458803537,0.9467579191003128,0.007269275472612898,5.562684646268137e-309
22,dN_dy_pion[0 5],0,15,,0.11514415675405154,,0.8587486915363701,,5.562684646268137e-309,0.8788365247584558,0.04483838820455794,0.9537984625821664,0.007269275472612898,5.562684646268137e-309
23,dN_dy_pion[0 5],0,20,,0.3418427015285773,,0.6387387541163014,,5.562684646268137e-309,0.9200142715396159,0.03796956296490117,0.9608761096393882,0.007269275472612898,5.562684646268137e-309
24,dN_dy_pion[0 5],0,25,,0.5069576173682402,,0.4784954568461983,,5.562684646268137e-309,0.9124788951138836,0.03743501129437745,0.9614269124223696,0.007269275472612898,5.562684646268137e-309
25,dN_dy_pion[0 5],0,30,,0.5956811653822748,,0.39238964498194984,,5.562684646268137e-309,0.9494378084285988,0.030264134370724415,0.9688157939538684,0.007269275472612898,2.3026669127353422e-113
26,dN_dy_pion[0 5],0,35,,0.7321329922911486,,0.2599637490462966,,3.204845835010943e-29,0.9983482517944381,0.030875535565973736,0.9681858053139836,0.007269275472612898,0.0029080769805733767
27,dN_dy_pion[0 5],0,40,,0.730637010812434,,0.2614155924705274,,0.004247375381417386,0.9524919200037307,0.03265119964469584,0.9663561585835901,0.007269275472612898,5.562684646268137e-309
28,dN_dy_pion[0 5],0,45,,0.7333341958394363,,0.25879798630286843,,0.005459929390846997,1.0107006892868096,0.030126055937422357,0.9689580701631224,0.007269275472612898,0.0026527109646447404
29,dN_dy_pion[0 5],0,50,,0.7491008869303435,,0.2434964821680177,,0.006461130960293195,1.0292881808317378,0.02800735727876675,0.971141180200629,0.007269275472612898,0.0028433962932553117
30,dN_dy_pion[60 70],0,5,,-1.8225844131339968,,1.8803962232576394,,5.562684646268137e-309,0.9948204162713677,0.10253868170440084,0.8460834577615002,0.0477107465052633,0.01374492501098412
31,dN_dy_pion[60 70],0,10,,-0.5024713299818435,,1.0009413363527344,,5.562684646268137e-309,1.0638408069411183,0.12578462593906203,0.8111899395477344,0.0477107465052633,5.562684646268137e-309
32,dN_dy_pion[60 70],0,15,,0.04625666642796067,,0.6353805944867148,,5.562684646268137e-309,0.9327312248735845,0.09407489328378235,0.8587880978669322,0.0477107465052633,5.562684646268137e-309
33,dN_dy_pion[60 70],0,20,,0.08961961987399147,,0.606492341044304,,5.562684646268137e-309,0.9679682381250835,0.09731197179964342,0.8539290541983955,0.0477107465052633,5.562684646268137e-309
34,dN_dy_pion[60 70],0,25,,0.11952898202444151,,0.5865668247812476,,5.562684646268137e-309,0.7337965337194582,0.09431848631477618,0.8584224505188216,0.0477107465052633,5.562684646268137e-309
35,dN_dy_pion[60 70],0,30,,0.21795932862739564,,0.5209928596077394,,5.562684646268137e-309,1.0855350099889358,0.13526591410149538,0.7969579729798834,0.0477107465052633,5.562684646268137e-309
36,dN_dy_pion[60 70],0,35,,0.3287983646364968,,0.4471522673720532,,5.562684646268137e-309,0.8848570647614343,0.08590857893757757,0.8710462120352417,0.0477107465052633,2.04639233086335e-07
37,dN_dy_pion[60 70],0,40,,0.19684087830267716,,0.5350619000399306,,5.562684646268137e-309,0.8896153728856587,0.09226322530812574,0.8615075171715527,0.0477107465052633,5.562684646268137e-309
38,dN_dy_pion[60 70],0,45,,0.7445046836659994,,0.17021011866250357,,0.02115277746321688,0.8943120744214199,0.08541665144513809,0.8717846238951348,0.0477107465052633,5.562684646268137e-309
39,dN_dy_pion[60 70],0,50,,0.7037987263273069,,0.19732829025290635,,0.015063919597691804,0.9303771252801714,0.0984458305156699,0.8522270661285577,0.0477107465052633,2.982219535276147e-18
40,mean_pT_pion[0 5],0,5,,-0.06000229346014363,,1.1285363753132924,,5.562684646268137e-309,1.1630790327683844,0.028591723912564954,0.9731446025274245,0.0026108254262719823,5.562684646268137e-309
41,mean_pT_pion[0 5],0,10,,-0.4679035739450348,,1.5628103720811857,,5.562684646268137e-309,1.04346790486329,0.013960087918486443,0.9868876843190872,0.0026108254262719823,5.562684646268137e-309
42,mean_pT_pion[0 5],0,15,,-0.5101391112554561,,1.607776633456076,,5.562684646268137e-309,1.0112454527954933,0.01646563408415047,0.9845342956822019,0.0026108254262719823,1.7293376686166666e-184
43,mean_pT_pion[0 5],0,20,,0.1717174023756708,,0.8818349226460286,,5.562684646268137e-309,1.0362235406382783,0.014734928854172533,0.9861598981467842,0.0026108254262719823,5.562684646268137e-309
44,mean_pT_pion[0 5],0,25,,0.1924429519094366,,0.8597693698717397,,1.171495065570272e-14,1.033585290349027,0.015605211650678392,0.9853424661344585,0.0026108254262719823,5.562684646268137e-309
45,mean_pT_pion[0 5],0,30,,0.1817344302186228,,0.8711702473306612,,5.562684646268137e-309,1.0357877192769025,0.015795251663051808,0.9851639669266602,0.0026108254262719823,5.562684646268137e-309
46,mean_pT_pion[0 5],0,35,,0.8717723547681226,,0.1365181593075324,,1.0590426404063473e-75,1.0392481937423492,0.01556787257215555,0.9853775376746726,0.0026108254262719823,3.906561014087438e-78
47,mean_pT_pion[0 5],0,40,,0.8564364700563909,,0.15284558034386353,,1.4162741213750007e-86,1.047437962358292,0.014482533454550825,0.9863969660059247,0.0026108254262719823,5.436483440469468e-32
48,mean_pT_pion[0 5],0,45,,0.8845705733518935,,0.1228924763254239,,6.683450825303839e-90,1.0514991442976696,0.014242342194530418,0.9866225708619668,0.0026108254262719823,5.562684646268137e-309
49,mean_pT_pion[0 5],0,50,,0.8748114556433981,,0.13328256641574798,,9.399239235509252e-262,1.059017164136192,0.013856721450555033,0.9869847735183997,0.0026108254262719823,5.562684646268137e-309
50,mean_pT_pion[60 70],0,5,,-0.005057449136267156,,1.2304610378417078,,3.403193975764319e-128,0.9024643631165858,0.060155239455176514,0.9508643754985936,0.0060476365315226144,5.562684646268137e-309
51,mean_pT_pion[60 70],0,10,,0.18906318689955492,,0.9928050914195393,,5.562684646268137e-309,0.9863753209463597,0.03757608209738776,0.9693073408585295,0.0060476365315226144,1.8728894390549927e-12
52,mean_pT_pion[60 70],0,15,,0.25681112330010736,,0.909863368827764,,5.562684646268137e-309,0.9863598088109677,0.043264796920279264,0.964660720581314,0.0060476365315226144,5.562684646268137e-309
53,mean_pT_pion[60 70],0,20,,0.11726525899976836,,1.080705094503321,,5.562684646268137e-309,0.9703473436213715,0.04616059156128934,0.9622953958082345,0.0060476365315226144,5.562684646268137e-309
54,mean_pT_pion[60 70],0,25,,0.1137578216789481,,1.0849991425397294,,2.8283870842489943e-120,0.9808652165469482,0.03763222723264521,0.9692614807421278,0.0060476365315226144,5.562684646268137e-309
55,mean_pT_pion[60 70],0,30,,0.5246918389383857,,0.5819052171168109,,5.562684646268137e-309,1.0112970753278037,0.036745090617408,0.9699861060948408,0.0060476365315226144,5.562684646268137e-309
56,mean_pT_pion[60 70],0,35,,0.6489938470161665,,0.42972607750977976,,5.562684646268137e-309,0.9775298196281371,0.04291339927691142,0.9649477469951655,0.0060476365315226144,5.562684646268137e-309
57,mean_pT_pion[60 70],0,40,,0.6118484697445836,,0.47520202468861295,,5.562684646268137e-309,1.0065898485646687,0.03897158416293998,0.9681674756347363,0.0060476365315226144,5.7106723199624517e-275
58,mean_pT_pion[60 70],0,45,,0.6128265260169861,,0.47400462036407187,,5.562684646268137e-309,1.0059051374985881,0.03920674535493022,0.9679753927483313,0.0060476365315226144,5.562684646268137e-309
59,mean_pT_pion[60 70],0,50,,0.7222183817947505,,0.34007952333860925,,5.562684646268137e-309,0.981091028098795,0.04160858625545242,0.9660135361641161,0.0060476365315226144,5.562684646268137e-309
60,pT_fluct[0 5],0,5,,-0.43780077366751846,,1.3657251409087394,,5.562684646268137e-309,0.9268561084915887,0.386885979243258,0.5926962581160812,0.07945631457228404,5.562684646268137e-309
61,pT_fluct[0 5],0,10,,0.2653891427060925,,0.6977854894539183,,5.562684646268137e-309,1.1930399800812928,0.29160632727078256,0.6930042580329923,0.07945631457228404,5.562684646268137e-309
62,pT_fluct[0 5],0,15,,0.06656931949691514,,0.8866386574593729,,5.562684646268137e-309,1.2055903338943137,0.28514463708695126,0.699806961495953,0.07945631457228404,5.562684646268137e-309
63,pT_fluct[0 5],0,20,,0.175346394488747,,0.7833144773701406,,5.562684646268137e-309,1.5152833695151167,0.5136405258150141,0.45925228782680283,0.07945631457228404,3.5455674155751116e-119
64,pT_fluct[0 5],0,25,,-0.4425856595721225,,1.370270164875884,,1.1212117113289934e-178,1.19042565566794,0.2510333886426684,0.7357184183000071,0.07945631457228404,5.562684646268137e-309
65,pT_fluct[0 5],0,30,,0.6057067587238758,,0.37452768308617,,0.026521145406001964,1.1874607226700629,0.25546515238123335,0.7310527698901224,0.07945631457228404,5.562684646268137e-309
66,pT_fluct[0 5],0,35,,0.5821155711479309,,0.3969362660876785,,0.024253277522775615,1.121387490643531,0.22930829647020454,0.758590044074416,0.07945631457228404,6.984168413137702e-228
67,pT_fluct[0 5],0,40,,0.37866835017883715,,0.5901848646516953,,5.562684646268137e-309,1.16765291756943,0.23616167059749213,0.7513749856945942,0.07945631457228404,5.562684646268137e-309
68,pT_fluct[0 5],0,45,,0.6144871596933159,,0.3661874355561621,,0.03316103790339569,1.0988433452573156,0.21824663251226542,0.7702354832044245,0.07945631457228404,5.562684646268137e-309
69,pT_fluct[0 5],0,50,,0.3799754969821242,,0.5889432439175836,,5.562684646268137e-309,1.1164481128374002,0.22678121502843757,0.7612504912927163,0.07945631457228404,5.562684646268137e-309
70,pT_fluct[55 60],0,5,,0.035446958046962074,,0.8809232794346421,,5.562684646268137e-309,1.2418994593198334,0.2965837953620934,0.67526025399842,0.05647966692454801,5.562684646268137e-309
71,pT_fluct[55 60],0,10,,0.26649640401278285,,0.6699065423564569,,5.562684646268137e-309,0.9813798650428446,0.18461500766014927,0.7978587109843861,0.05647966692454801,5.562684646268137e-309
72,pT_fluct[55 60],0,15,,0.35455608350215984,,0.5894819122244808,,5.562684646268137e-309,1.0272107940571877,0.19043171164900663,0.7914898027518855,0.05647966692454801,5.562684646268137e-309
73,pT_fluct[55 60],0,20,,0.18499173164895866,,0.7443445049620238,,5.562684646268137e-309,1.010967193756454,0.19506855269623077,0.7864127668265515,0.05647966692454801,5.562684646268137e-309
74,pT_fluct[55 60],0,25,,0.24188995924179157,,0.6923795314820714,,5.562684646268137e-309,0.9932395903322414,0.16722380242715684,0.8169009366836298,0.05647966692454801,5.562684646268137e-309
75,pT_fluct[55 60],0,30,,0.08324548814664079,,0.8372690312428516,,8.754064283519085e-12,0.9908078159188587,0.17715682405271935,0.8060249314191641,0.05647966692454801,5.562684646268137e-309
76,pT_fluct[55 60],0,35,,0.35712432841431485,,0.5871363421707843,,5.562684646268137e-309,0.9800901514394849,0.1842578695321974,0.7982497537411792,0.05647966692454801,5.562684646268137e-309
77,pT_fluct[55 60],0,40,,0.27586164830252935,,0.6613532940086778,,0.010857139770098043,1.0061055259492853,0.18780603165449122,0.7943647496230029,0.05647966692454801,5.562684646268137e-309
78,pT_fluct[55 60],0,45,,0.18823165546307896,,0.7413854926658476,,5.562684646268137e-309,0.9960196871585195,0.18217721819090568,0.8005279300901738,0.05647966692454801,5.562684646268137e-309
79,pT_fluct[55 60],0,50,,0.2750431985658661,,0.6621007815958965,,5.562684646268137e-309,1.041149318997126,0.1696474879866316,0.8142471604312537,0.05647966692454801,5.562684646268137e-309
80,v22[0 5],0,5,,0.03205928903816457,,1.158927947322108,,5.562684646268137e-309,0.7180387332609336,0.27504824996225713,0.7702787311045138,0.05593244326274729,5.562684646268137e-309
81,v22[0 5],0,10,,0.5715008925834241,,0.513047530043633,,5.562684646268137e-309,0.8570255215410637,0.20136463528758378,0.8318195460785948,0.05593244326274729,5.562684646268137e-309
82,v22[0 5],0,15,,-0.40181685404006773,,1.678413471791917,,5.562684646268137e-309,0.8273359369950203,0.2156923058740615,0.8198530250485797,0.05593244326274729,5.562684646268137e-309
83,v22[0 5],0,20,,0.31132075101091616,,0.8245645826810553,,5.562684646268137e-309,0.8378280734584705,0.21141619434665998,0.8234244484848243,0.05593244326274729,5.562684646268137e-309
84,v22[0 5],0,25,,0.36023266029794887,,0.7660017203200972,,0.003636045364788504,0.7956067081660385,0.23419788772228897,0.8043970977906988,0.05593244326274729,5.562684646268137e-309
85,v22[0 5],0,30,,0.2547659659799205,,0.892278359139621,,5.562684646268137e-309,0.8872699579817046,0.19175653725952102,0.8398442634544794,0.05593244326274729,5.562684646268137e-309
86,v22[0 5],0,35,,0.5947599777777046,,0.4851991261532626,,0.016379955955964448,0.9308443827251303,0.18274904118632382,0.8473673559583943,0.05593244326274729,5.562684646268137e-309
87,v22[0 5],0,40,,0.42603290261154303,,0.6872182381355176,,0.01085230719806169,0.9642224661520352,0.19154789342872452,0.840018523518175,0.05593244326274729,5.562684646268137e-309
88,v22[0 5],0,45,,0.530189300731398,,0.5625104339213944,,0.017501747214660204,0.9893977156649346,0.1805191825971908,0.8492297417202503,0.05593244326274729,5.562684646268137e-309
89,v22[0 5],0,50,,0.5620896071226946,,0.5243157839946703,,0.017492421263682802,0.9745045197031468,0.1665367986451992,0.8609078781347745,0.05593244326274729,5.562684646268137e-309
90,v22[60 70],0,5,,0.024701056263476406,,0.8954734166455239,,5.562684646268137e-309,0.9328209130974605,0.083071999767698,0.909522681386768,0.017588654846393964,5.562684646268137e-309
91,v22[60 70],0,10,,-0.4399561124713638,,1.3220996783963304,,5.562684646268137e-309,0.9221902466193828,0.23470881417495357,0.7443684488055557,0.017588654846393964,5.562684646268137e-309
92,v22[60 70],0,15,,0.6608820764055059,,0.3113620573846679,,5.562684646268137e-309,0.9335982344331225,0.09272380424677179,0.8990104824329954,0.017588654846393964,5.562684646268137e-309
93,v22[60 70],0,20,,0.5556319539987469,,0.4079977477227078,,5.562684646268137e-309,1.0482508502717933,0.09741317376331729,0.8939030866675135,0.017588654846393964,5.562684646268137e-309
94,v22[60 70],0,25,,0.4666741482992828,,0.4896746025153525,,5.562684646268137e-309,0.8585554253800632,0.09810375820565881,0.8931509411937822,0.017588654846393964,5.562684646268137e-309
95,v22[60 70],0,30,,0.6163902948750893,,0.35221230937720094,,5.562684646268137e-309,0.8918071869818746,0.09508830459229572,0.8964352025345783,0.017588654846393964,1.419428207243259e-113
96,v22[60 70],0,35,,0.23926393308784577,,0.6984719191773632,,3.1189545090644064e-113,1.0224310660721105,0.0822483508312375,0.9104197531733865,0.017588654846393964,0.0068236578713057475
97,v22[60 70],0,40,,0.5193155996130451,,0.44134170872125406,,0.006410909838781857,1.0609691321110533,0.09666334438169921,0.8947197583746582,0.017588654846393964,5.562684646268137e-309
98,v22[60 70],0,45,,0.7095060247681995,,0.266717845011872,,0.007797180811461118,0.9954420207213397,0.09053287677518632,0.9013967165848089,0.017588654846393964,5.562684646268137e-309
99,v22[60 70],0,50,,0.7843140550603485,,0.1980326455574478,,0.014279383962356451,1.0032506277160016,0.09226024736039691,0.8995153623470602,0.017588654846393964,2.683084238990966e-46
