,observable,fold,n_training,r2_lin_tl,r2_stand_GP,mse_lin_tl,mse_stand_GP,wn_lin_tl,wn_stand_GP,rho,mse_lin_mf,r2_lin_mf,wn_lin_mf_0,wn_lin_mf_1
0,dNch_deta[0 5],0,47,,0.7878192604860055,,0.20927441898107513,,0.0058696700239895365,1.064927834557231,0.024221081892145495,0.9754425452822822,0.00679933677505752,0.0025423905142431587
1,dNch_deta[0 5],0,94,,0.9559564624037922,,0.043440256459798085,,0.004212074979981538,0.9691855459845983,0.02376508115122515,0.9759048787815149,0.00679933677505752,0.002486419822914025
2,dNch_deta[0 5],0,141,,0.9540067547607279,,0.04536325821349078,,0.005101088086582189,0.973633548621432,0.022292078791544725,0.9773983376165917,0.00679933677505752,0.0025699016511441667
3,dNch_deta[0 5],0,188,,0.9579242920866491,,0.04149938089080501,,0.008264734281957842,0.9754965228615442,0.02244592715120556,0.9772423526716338,0.00679933677505752,0.002619685473338698
4,dNch_deta[0 5],0,235,,0.9642450264511936,,0.035265224036117766,,0.007004937953213457,0.986325888249861,0.02149870996446444,0.9782027244368101,0.00679933677505752,0.0024092938492329126
5,dNch_deta[0 5],0,282,,0.9677763027670461,,0.03178231695909298,,0.007972218439248351,0.9868099195862075,0.02127212211635745,0.9784324590475203,0.00679933677505752,0.002310711283188116
6,dNch_deta[0 5],0,329,,0.9722590408043286,,0.027360980694805012,,0.007317253836078982,0.9873843833419034,0.02055845069996335,0.9791560416508686,0.00679933677505752,0.0023111805925621768
7,dNch_deta[0 5],0,376,,0.9729158466684242,,0.026713171351191466,,0.006832765888037471,0.9929576858269845,0.020290000468080136,0.9794282200136183,0.00679933677505752,0.0023682321348858456
8,dNch_deta[0 5],0,423,,0.9768451416635351,,0.022837697408596345,,0.007636237027849907,0.9895622676922151,0.021095232084427942,0.9786118056583971,0.00679933677505752,0.002405982740991415
9,dNch_deta[0 5],0,473,,0.9795977590983502,,0.02012278362486841,,0.007452852776957126,0.9904817753989799,0.02100342245985878,0.9787048902987963,0.00679933677505752,0.0022870759834626685
10,dNch_deta[60 70],0,47,,0.6771718221919073,,0.21758313774626864,,0.013352512424720945,0.9249920130778453,0.103262011172713,0.8467901177959847,0.05056285691452846,5.059632149887017e-100
11,dNch_deta[60 70],0,94,,0.7077094219075849,,0.1970010844370109,,0.03145599116074803,1.0200310221665165,0.12148450323301713,0.8197533999331764,0.05056285691452846,5.562684646268137e-309
12,dNch_deta[60 70],0,141,,0.7452342358590157,,0.1717097148349718,,0.04373967333497538,0.9778970279505721,0.09963191281067295,0.8521760960092786,0.05056285691452846,3.707868437288255e-221
13,dNch_deta[60 70],0,188,,0.7951540918247707,,0.138064204177821,,0.035602996742402485,0.9654680401409773,0.09696174840723193,0.8561378198714288,0.05056285691452846,5.562684646268137e-309
14,dNch_deta[60 70],0,235,,0.802583135192681,,0.13305709922986342,,0.04500146264675718,1.0050043177061816,0.11044486371277923,0.8361329169623526,0.05056285691452846,5.761919869816543e-90
15,dNch_deta[60 70],0,282,,0.8459862771368829,,0.10380379217226188,,0.04473286821996957,0.9904173038669921,0.10452593300192246,0.8449148365345692,0.05056285691452846,5.562684646268137e-309
16,dNch_deta[60 70],0,329,,0.8348071293354214,,0.11133843203079748,,0.038690459493120714,1.0070003428444174,0.11439949037161955,0.830265436001243,0.05056285691452846,0.0020691220956948145
17,dNch_deta[60 70],0,376,,0.8332087265031679,,0.11241574041814335,,0.03818089388060586,1.0074058398164336,0.10162329561576473,0.8492214806427338,0.05056285691452846,5.562684646268137e-309
18,dNch_deta[60 70],0,423,,0.8555965153335406,,0.09732658254478978,,0.04534294381442246,0.9902360828203958,0.10765228618492219,0.8402762652201446,0.05056285691452846,5.562684646268137e-309
19,dNch_deta[60 70],0,473,,0.8633965386134966,,0.09206944064574636,,0.0474517478238177,0.9873376308298633,0.09327251963267506,0.8616115298985184,0.05056285691452846,5.562684646268137e-309
20,dN_dy_pion[0 5],0,47,,0.7618040957697939,,0.23116807404091083,,0.0060977594641418754,0.9497554312641806,0.028700630265668776,0.9704268307530307,0.007268629379954062,0.0027790264128902445
21,dN_dy_pion[0 5],0,94,,0.9500394015935621,,0.04848654030753501,,0.004506223083182315,0.9618459374191443,0.02507989761086665,0.9741576387041918,0.007268629379954062,0.0027293567984290707
22,dN_dy_pion[0 5],0,141,,0.9511872227164341,,0.04737258497242838,,0.003339140360407997,0.9698401379013764,0.022902329693902553,0.9764014077071388,0.007268629379954062,0.002730307031910957
23,dN_dy_pion[0 5],0,188,,0.9525859275228179,,0.04601514812947152,,0.009046600605213279,0.9713316098962356,0.02328618691729163,0.9760058806915688,0.007268629379954062,0.0026790425076108453
24,dN_dy_pion[0 5],0,235,,0.9574831995302556,,0.04126236725495354,,0.007097533989416694,0.9804463904513333,0.022711173774536117,0.9765983750316768,0.007268629379954062,0.0025266987733189566
25,dN_dy_pion[0 5],0,282,,0.963434793845156,,0.03548637123312993,,0.008476366998609599,0.9815419857324085,0.022413305778366723,0.9769052986282122,0.007268629379954062,0.002435229314755807
26,dN_dy_pion[0 5],0,329,,0.9695346967632957,,0.02956644236625863,,0.007817716763511676,0.9821261290169995,0.021607072478894318,0.977736042538612,0.007268629379954062,0.002429566849310716
27,dN_dy_pion[0 5],0,376,,0.9726075665121892,,0.02658423583367386,,0.007330186295913974,0.987875974915736,0.02112587851097189,0.9782318654708008,0.007268629379954062,0.0024765802687191645
28,dN_dy_pion[0 5],0,423,,0.9758040944259052,,0.023482019597757316,,0.009033503792447864,0.9845809955515323,0.021973977134593717,0.9773579834723106,0.007268629379954062,0.002506697272479011
29,dN_dy_pion[0 5],0,473,,0.9783827231432395,,0.020979471805513884,,0.007667343313063881,0.9858779199081773,0.021706942479734828,0.9776331363511794,0.007268629379954062,0.002378319909106969
30,dN_dy_pion[60 70],0,47,,0.713350274442494,,0.19096508108952853,,0.015387954805751825,0.8991211324448355,0.09565009857572195,0.8564236228432521,0.047746696056070494,5.562684646268137e-309
31,dN_dy_pion[60 70],0,94,,0.7295827162867872,,0.180151083040001,,0.030709791744508465,0.9968672611994158,0.11111604037436491,0.8332083420873377,0.047746696056070494,5.562684646268137e-309
32,dN_dy_pion[60 70],0,141,,0.7550323500451191,,0.16319662280144162,,0.04114503049876428,0.9775765451271418,0.10373494734159827,0.8442877932628385,0.047746696056070494,7.696039892091894e-16
33,dN_dy_pion[60 70],0,188,,0.8015541775851358,,0.13220393808376496,,0.033642138505996226,0.9765635530088358,0.09724574274525914,0.8540284678721146,0.047746696056070494,7.515031769655772e-103
34,dN_dy_pion[60 70],0,235,,0.8091364931834577,,0.1271526249863468,,0.03990930137732602,0.9867867032067014,0.10232445485325366,0.8464050247607549,0.047746696056070494,7.272713408686919e-44
35,dN_dy_pion[60 70],0,282,,0.8473605480286788,,0.10168788847250056,,0.04336801124790395,0.988364048066455,0.09964236716821835,0.850430994820046,0.047746696056070494,2.9749715277113855e-34
36,dN_dy_pion[60 70],0,329,,0.8375018912056647,,0.10825569242200417,,0.03679938581840617,0.9952525194373418,0.10262542197529864,0.8459532555553912,0.047746696056070494,2.8513529963346133e-55
37,dN_dy_pion[60 70],0,376,,0.8352338782672124,,0.10976663499786492,,0.035871018964908866,0.9902166034881761,0.10452416748087007,0.8431031277992052,0.047746696056070494,5.562684646268137e-309
38,dN_dy_pion[60 70],0,423,,0.8582926333284017,,0.09440497008951951,,0.04332096033681901,0.9800264142539229,0.08396178745132707,0.8739684596109112,0.047746696056070494,0.03008701212866624
39,dN_dy_pion[60 70],0,473,,0.8652274261796962,,0.08978503446386742,,0.04591655079128773,0.9747748689858703,0.08098034340955505,0.8784437810228836,0.047746696056070494,0.030456133573774066
40,mean_pT_pion[0 5],0,47,,0.8770161773810365,,0.13093529915630933,,5.562684646268137e-309,1.054936329180865,0.014547889621130293,0.9863355788074424,0.0026027117877236027,5.562684646268137e-309
41,mean_pT_pion[0 5],0,94,,0.9224433359410217,,0.08257106336327102,,1.5389047134839142e-62,1.0640486122146482,0.013676708014687676,0.9871538550465163,0.0026027117877236027,4.335955029667963e-26
42,mean_pT_pion[0 5],0,141,,0.947339950169882,,0.05606476714791489,,1.4211849118339995e-32,1.065081644475269,0.011930754327740583,0.9887937799553836,0.0026027117877236027,0.00022708766135492932
43,mean_pT_pion[0 5],0,188,,0.963089479387365,,0.03929695756330538,,3.315179083284563e-16,1.0114641525800152,0.01160912700644869,0.9890958754001266,0.0026027117877236027,0.0004077384849629468
44,mean_pT_pion[0 5],0,235,,0.9769076907353005,,0.024585334537464847,,0.0004566882816473337,1.0470211594654442,0.011571515376252329,0.9891312029404177,0.0026027117877236027,0.00030940603802846923
45,mean_pT_pion[0 5],0,282,,0.9817509813174973,,0.01942890267694547,,0.0019814069886754885,1.0562512952256207,0.0118788312459448,0.9888425498373219,0.0026027117877236027,0.0002985197882719531
46,mean_pT_pion[0 5],0,329,,0.9866910906039058,,0.01416939233236276,,0.0013378400144245354,1.0033084931572813,0.010868935107612174,0.9897911167122637,0.0026027117877236027,0.0005608881043349731
47,mean_pT_pion[0 5],0,376,,0.9898165234941503,,0.01084188565902555,,0.0021579072976052383,1.0056090386986818,0.01040017587697401,0.9902314089974097,0.0026027117877236027,0.0004956026851746484
48,mean_pT_pion[0 5],0,423,,0.9891881312096906,,0.011510906429409058,,0.0021400055303568443,1.0120066336214053,0.010339592783812688,0.9902883129830504,0.0026027117877236027,0.0004630927986259359
49,mean_pT_pion[0 5],0,473,,0.9899798280430203,,0.010668022711000745,,0.0024342303883024196,1.0263235857272444,0.010589601059014825,0.9900534872823505,0.0026027117877236027,0.00046071427393576755
50,mean_pT_pion[60 70],0,47,,0.620492191709022,,0.4646197807499025,,5.562684646268137e-309,1.005310039811643,0.03911361553118899,0.9680514624654611,0.006011814469158467,1.678682996628655e-08
51,mean_pT_pion[60 70],0,94,,0.8696427020252573,,0.15959244548069168,,0.005837543336736973,1.016323324375218,0.03722024671273103,0.969597992080321,0.006011814469158467,2.4270700977521104e-215
52,mean_pT_pion[60 70],0,141,,0.9035454655984299,,0.11808633089211938,,0.011176263177669466,1.0232931996560755,0.03579184197385879,0.9707647326588795,0.006011814469158467,7.725910810474025e-108
53,mean_pT_pion[60 70],0,188,,0.9470284007630524,,0.0648515057813302,,0.0054977905527922475,1.0283404749163927,0.036109437369107864,0.9705053163848247,0.006011814469158467,8.106818837643925e-10
54,mean_pT_pion[60 70],0,235,,0.9537619923785376,,0.05660777589831443,,0.007288692617869522,1.027147130999168,0.0372430059984838,0.969579401983618,0.006011814469158467,1.3756729592076055e-100
55,mean_pT_pion[60 70],0,282,,0.9566890344676463,,0.053024287959524276,,0.0069998716978241496,1.0239354517744417,0.03819198809901626,0.9688042603904229,0.006011814469158467,1.1303375536045117e-07
56,mean_pT_pion[60 70],0,329,,0.9643119537763467,,0.04369178143263091,,0.009463179056149426,1.0262105818959864,0.03763801063226115,0.9692567567820132,0.006011814469158467,4.424850084363631e-36
57,mean_pT_pion[60 70],0,376,,0.9642510932261833,,0.04376629113929695,,0.009788424524572709,1.0385998651613515,0.03831726930773904,0.9687019289811452,0.006011814469158467,0.0012993383070441721
58,mean_pT_pion[60 70],0,423,,0.9647111323191411,,0.043203079374382274,,0.006778716641616704,1.0241871110491827,0.03837328571019573,0.9686561740154604,0.006011814469158467,8.580823901156154e-11
59,mean_pT_pion[60 70],0,473,,0.9679613659321741,,0.03922391795613953,,0.00726933758827829,1.0207350307005558,0.03910211563542615,0.9680608557380194,0.006011814469158467,8.072921684542937e-50
60,pT_fluct[0 5],0,47,,0.48555871247323135,,0.4886528180845433,,0.031159027974713233,1.0338228721765839,0.21222251448801147,0.7765775218009854,0.07969455270290923,5.562684646268137e-309
61,pT_fluct[0 5],0,94,,0.7053336909426733,,0.27989495751338056,,0.06235018765874359,1.0189168259172912,0.1900748534608268,0.7998940173431436,0.07969455270290923,5.562684646268137e-309
62,pT_fluct[0 5],0,141,,0.7827137487914624,,0.20639389092298127,,0.05637633986694652,1.0022357257498438,0.1915664504167454,0.7983237019165763,0.07969455270290923,4.563709493106025e-24
63,pT_fluct[0 5],0,188,,0.7903703499069621,,0.19912110819198106,,0.060760975926604156,1.0082070018180256,0.19944854482852264,0.7900256329245733,0.07969455270290923,1.360398708913727e-48
64,pT_fluct[0 5],0,235,,0.7939425576974039,,0.1957279718984791,,0.06009443188320658,0.9834254583556071,0.19523120374714498,0.7944655426018528,0.07969455270290923,5.562684646268137e-309
65,pT_fluct[0 5],0,282,,0.8072882221197192,,0.18305131338118297,,0.06245558780849113,0.9796815941234367,0.1958568744106989,0.793806852403384,0.07969455270290923,5.562684646268137e-309
66,pT_fluct[0 5],0,329,,0.7872125478390762,,0.2021206125413385,,0.06196865581404229,1.0007654091500517,0.18416679882491216,0.8061138673495188,0.07969455270290923,5.562684646268137e-309
67,pT_fluct[0 5],0,376,,0.7915205313725256,,0.1980285842673203,,0.0632661358272929,1.0032993324866797,0.18034438445416073,0.8101380082069445,0.07969455270290923,5.088272617999735e-35
68,pT_fluct[0 5],0,423,,0.8131535918969472,,0.17747996920597173,,0.07259945237404708,0.9854805869058992,0.18665868926212267,0.8034904683278592,0.07969455270290923,5.6109008544958424e-67
69,pT_fluct[0 5],0,473,,0.8076155022261342,,0.1827404395260312,,0.07189016265176001,0.9883133764048764,0.17530922877736244,0.8154388923385933,0.07969455270290923,5.562684646268137e-309
70,pT_fluct[55 60],0,47,,0.1760844906281167,,0.7524794603553602,,0.010319129738885529,1.0125871584323363,0.16699461738270108,0.8171518792310238,0.056492066499587545,5.562684646268137e-309
71,pT_fluct[55 60],0,94,,0.5781820683495498,,0.38524499899088416,,0.037218231654448874,0.9212171679923413,0.17218726259200193,0.8114662743102089,0.056492066499587545,5.562684646268137e-309
72,pT_fluct[55 60],0,141,,0.624359908717303,,0.3430709216673572,,0.02483078374878127,0.9514958652416333,0.16444538095900293,0.8199431254207188,0.056492066499587545,5.562684646268137e-309
73,pT_fluct[55 60],0,188,,0.7291073448335019,,0.2474054155496072,,0.0520285242303154,0.9715121058431072,0.1642945041716702,0.8201083255778485,0.056492066499587545,5.562684646268137e-309
74,pT_fluct[55 60],0,235,,0.7939478012387247,,0.1881868293110821,,0.049314000898065355,1.0025027333352314,0.16659638786975306,0.8175879143513081,0.056492066499587545,0.016034565444789064
75,pT_fluct[55 60],0,282,,0.8158672450920892,,0.168167869727904,,0.05658629944006132,0.9980760257404575,0.1678315375282544,0.81623550672605,0.056492066499587545,9.733742151862361e-08
76,pT_fluct[55 60],0,329,,0.8098044373029955,,0.17370501313821984,,0.05808765895714507,0.9997210598616549,0.16389045077836498,0.8205507374640166,0.056492066499587545,5.562684646268137e-309
77,pT_fluct[55 60],0,376,,0.8048744664700314,,0.17820754009609271,,0.05566095388119538,1.006530095529561,0.1712338047623853,0.8125102479131325,0.056492066499587545,5.562684646268137e-309
78,pT_fluct[55 60],0,423,,0.8305970791961316,,0.15471515826458457,,0.05488720889930767,1.0199242285604209,0.17063663196510098,0.813164112842848,0.056492066499587545,5.562684646268137e-309
79,pT_fluct[55 60],0,473,,0.8186889891281874,,0.16559077971637734,,0.05635414083279797,1.0223709380367834,0.17114812323023149,0.8126040635545255,0.056492066499587545,5.562684646268137e-309
80,v22[0 5],0,47,,0.6248411001580068,,0.44918260879993543,,0.017569998243150104,0.9519742859140761,0.17107942169101276,0.8571138633379476,0.05594353677328953,5.562684646268137e-309
81,v22[0 5],0,94,,0.7360449254471052,,0.31603682877731726,,0.021145212657155903,1.003513945554217,0.16345640586170304,0.8634806330569322,0.05594353677328953,5.800662951788949e-15
82,v22[0 5],0,141,,0.8355516103230869,,0.19689618644029266,,0.03958648798700178,1.0130542528165536,0.16238560251044432,0.8643749717943081,0.05594353677328953,6.372039837263243e-104
83,v22[0 5],0,188,,0.8497590845048433,,0.17988539362661599,,0.03886547917626264,1.0152649518204433,0.16497357250591108,0.8622134901222609,0.05594353677328953,5.562684646268137e-309
84,v22[0 5],0,235,,0.8536233518567692,,0.17525865628686593,,0.0345389045206287,1.0160391260859554,0.1612597022741057,0.865315327644516,0.05594353677328953,1.2695707917736169e-21
85,v22[0 5],0,282,,0.8483086170938989,,0.1816220570401767,,0.03425342148326552,1.0046253042611322,0.1687072166668142,0.8590951373446498,0.05594353677328953,1.648844124692545e-226
86,v22[0 5],0,329,,0.8581196876786972,,0.16987513518318192,,0.04484023233616813,1.0139936571847288,0.16591342716793106,0.8614285201921988,0.05594353677328953,5.562684646268137e-309
87,v22[0 5],0,376,,0.8572087378684747,,0.17096582718706044,,0.04505840319119889,1.0091857786719556,0.15526700448111888,0.8703204499868723,0.05594353677328953,4.29748386775858e-17
88,v22[0 5],0,423,,0.8624877714098138,,0.16464517196859244,,0.050831841401966525,0.9986181840888225,0.16759800971771607,0.8600215509024509,0.05594353677328953,5.562684646268137e-309
89,v22[0 5],0,473,,0.8633819779835746,,0.1635745268585414,,0.05542781082837471,1.0089578368467313,0.16855547626210401,0.8592218714660904,0.05594353677328953,1.2323966325367108e-33
90,v22[60 70],0,47,,0.6950339898605431,,0.2800053837996443,,0.0054084578654323145,0.9954838337780559,0.09039735785382129,0.9015443161208831,0.017590699314576175,5.562684646268137e-309
91,v22[60 70],0,94,,0.8659529066703702,,0.1230757086595519,,0.009961864978578615,1.0005302518918626,0.08737970795580698,0.9048309695305677,0.017590699314576175,0.004190234762837754
92,v22[60 70],0,141,,0.860761304012368,,0.12784239296684374,,0.011364389713708465,1.0595835815101908,0.07922273054668807,0.9137150874768022,0.017590699314576175,0.007064510002452825
93,v22[60 70],0,188,,0.9161020959307338,,0.07703109214747611,,0.012953541792081478,1.0854405444496276,0.07986707048681244,0.9130133088965238,0.017590699314576175,0.00796693813383559
94,v22[60 70],0,235,,0.927196974511453,,0.06684429876094715,,0.017461729286413662,1.0794114446569278,0.07916627493404238,0.9137765757335811,0.017590699314576175,0.007272699656024872
95,v22[60 70],0,282,,0.929192086936623,,0.06501248078202647,,0.01718477307654025,1.062746046384893,0.07908627291097642,0.9138637094073927,0.017590699314576175,0.006761212289278331
96,v22[60 70],0,329,,0.9233497453395751,,0.07037664284199481,,0.015708696354116078,1.0964699761182592,0.08443292864942567,0.9080404347045362,0.017590699314576175,0.00685327208601307
97,v22[60 70],0,376,,0.9269408104862533,,0.06707949646759943,,0.015659913004297137,1.109773847309816,0.08558048768240388,0.906790578380569,0.017590699314576175,0.006493338610105389
98,v22[60 70],0,423,,0.9217962482272258,,0.07180299050275901,,0.015050640870298391,1.100987315031547,0.08649492980594731,0.9057946197952867,0.017590699314576175,0.006249810146326715
99,v22[60 70],0,473,,0.9103674100523843,,0.08229640981223278,,0.017561244679522636,1.1034383232743519,0.0865290683387237,0.9057574380383093,0.017590699314576175,0.006212953556314538
